<?xml version="1.0"?>
<opencv_storage>
<H type_id="opencv-matrix">
  <rows>3</rows>
  <cols>3</cols>
  <dt>f</dt>
  <data>
    -7.82800369e+001 2.73255062e+001 1.05550000e+003 2.40896630e+000
    -5.16899719e+001 525. 3.68019147e-003 4.27986905e-002 -75.</data></H>
</opencv_storage>
