<?xml version="1.0"?>
<opencv_storage>
<H_invt type_id="opencv-matrix">
  <rows>3</rows>
  <cols>3</cols>
  <dt>f</dt>
  <data>
    -1.30030382e-002 -7.06643099e-003 -2.32461110e-001 -6.16046367e-004
    -1.97936818e-002 -1.47225589e-001 -9.89595264e-007 -1.16419933e-005
    -1.34287542e-002</data></H_invt>
</opencv_storage>
