<?xml version="1.0"?>
<opencv_storage>
<H type_id="opencv-matrix">
  <rows>3</rows>
  <cols>3</cols>
  <dt>f</dt>
  <data>
    -7.97978134e+001 2.50051498e+001 1.02073682e+003 1.38931811e+000
    -5.31121521e+001 5.05087189e+002 1.42674183e-003 4.35989648e-002
    -8.15000000e+001</data></H>
</opencv_storage>
