<?xml version="1.0"?>
<opencv_storage>
<H_invt type_id="opencv-matrix">
  <rows>3</rows>
  <cols>3</cols>
  <dt>f</dt>
  <data>
    -1.26416050e-002 -6.11272221e-003 -1.96211159e-001 -3.34487821e-004
    -1.90860964e-002 -1.22473210e-001 -4.00240850e-007 -1.03172433e-005
    -1.23388916e-002</data></H_invt>
</opencv_storage>
