<?xml version="1.0"?>
<opencv_storage>
<Intrinsics type_id="opencv-matrix">
  <rows>3</rows>
  <cols>3</cols>
  <dt>f</dt>
  <data>
    6.60786316e+002 0. 3.05217682e+002 0. 6.59008972e+002
    2.32237366e+002 0. 0. 1.</data></Intrinsics>
</opencv_storage>
