<?xml version="1.0"?>
<opencv_storage>
<Rot type_id="opencv-matrix">
  <rows>3</rows>
  <cols>3</cols>
  <dt>f</dt>
  <data>
    -9.69722629e-001 6.81747943e-002 2.34499991e-001 5.99290943e-003
    -9.53310430e-001 3.01932633e-001 2.44135484e-001 2.94196248e-001
    9.24038112e-001</data></Rot>
</opencv_storage>
